[gd_scene load_steps=8 format=3 uid="uid://bqx8kqy6yk8lamp_shattered"]

[ext_resource type="Script" path="res://ShatteredLampPrefab.gd" id="1_shattered_lamp"]

[sub_resource type="CylinderMesh" id="CylinderMesh_broken_pole"]
top_radius = 0.02
bottom_radius = 0.02
height = 0.4

[sub_resource type="CylinderMesh" id="CylinderMesh_lamp_base"]
top_radius = 0.15
bottom_radius = 0.15
height = 0.05

[sub_resource type="BoxMesh" id="BoxMesh_shard1"]
size = Vector3(0.1, 0.02, 0.15)

[sub_resource type="BoxMesh" id="BoxMesh_shard2"]
size = Vector3(0.08, 0.02, 0.12)

[sub_resource type="StandardMaterial3D" id="StandardMaterial3D_lamp_metal"]
albedo_color = Color(0.7, 0.7, 0.7, 1)
metallic = 0.8

[sub_resource type="StandardMaterial3D" id="StandardMaterial3D_broken_glass"]
transparency = 1
albedo_color = Color(0.9, 0.85, 0.7, 0.6)
metallic = 0.1
roughness = 0.1

[node name="ShatteredLampPrefab" type="Node3D"]
script = ExtResource("1_shattered_lamp")

[node name="LampBase" type="MeshInstance3D" parent="."]
transform = Transform3D(1, 0, 0, 0, 1, 0, 0, 0, 1, 0, 0.025, 0)
mesh = SubResource("CylinderMesh_lamp_base")
surface_material_override/0 = SubResource("StandardMaterial3D_lamp_metal")

[node name="BrokenPole" type="MeshInstance3D" parent="."]
transform = Transform3D(0.866025, 0, -0.5, 0, 1, 0, 0.5, 0, 0.866025, 0.1, 0.2, -0.1)
mesh = SubResource("CylinderMesh_broken_pole")
surface_material_override/0 = SubResource("StandardMaterial3D_lamp_metal")

[node name="GlassShard1" type="MeshInstance3D" parent="."]
transform = Transform3D(0.707107, 0, 0.707107, 0, 1, 0, -0.707107, 0, 0.707107, -0.2, 0.01, 0.15)
mesh = SubResource("BoxMesh_shard1")
surface_material_override/0 = SubResource("StandardMaterial3D_broken_glass")

[node name="GlassShard2" type="MeshInstance3D" parent="."]
transform = Transform3D(-0.5, 0, 0.866025, 0, 1, 0, -0.866025, 0, -0.5, 0.25, 0.01, -0.1)
mesh = SubResource("BoxMesh_shard2")
surface_material_override/0 = SubResource("StandardMaterial3D_broken_glass")

[node name="GlassShard3" type="MeshInstance3D" parent="."]
transform = Transform3D(0.258819, 0, -0.965926, 0, 1, 0, 0.965926, 0, 0.258819, 0.1, 0.01, 0.3)
mesh = SubResource("BoxMesh_shard1")
surface_material_override/0 = SubResource("StandardMaterial3D_broken_glass")
